
Graph 1, order 5.
00110
00011
10001
11000
01100
Graph 2, order 5.
00011
00011
00011
11100
11100
Graph 3, order 5.
00101
00011
10001
01001
11110
Graph 4, order 5.
00111
00011
10001
11000
11100
Graph 5, order 5.
01111
10111
11011
11101
11110
Graph 6, order 10.
0000100100
0000010101
0000001011
0000000111
1000000010
0100000000
0010000000
1101000000
0011100000
0111000000
Graph 7, order 10.
0000101001
0000010010
0000000110
0000000101
1000001000
0100000010
1000100000
0011000001
0110010000
1001000100
Graph 8, order 10.
0001001100
0000101100
0000010110
1000001001
0100000011
0010000011
1101000000
1110000000
0010110000
0001110000
Graph 9, order 10.
0000010100
0000001100
0000001010
0000001010
0000000101
1000000011
0111000000
1100100001
0011010001
0000110110
Graph 10, order 10.
0001010011
0000101110
0000011011
1000000111
0100001101
1010000100
0110100000
0101110000
1111000000
1011100000





